input_ymax
1	1
1.000000e+00	

input_ymin
1	1
-1.000000e+00	

input_xmax
4	1
1.000000e+00	5.000000e+01	2.491330e+02	2.750157e+02	

input_xmin
4	1
-5.000000e-01	0.000000e+00	1.737840e+02	2.367799e+02	

IW
10	4
-9.859257e-01	-3.103397e-02	-1.579689e-01	6.347634e+00	2.136634e+00	-5.091012e+00	1.127372e+00	-1.460489e-01	7.373784e-01	8.556662e-01	
-7.000460e-02	1.155863e-02	4.989291e-03	3.649308e-02	6.970840e-02	-8.968624e-02	1.516808e+00	-2.271452e-02	6.459248e-02	7.594683e-02	
4.142253e-01	-5.061194e+00	-3.855972e+00	-7.088198e-03	-1.532346e-03	6.221738e-03	-9.152684e-02	6.109075e+00	-8.224651e-01	-1.048985e+00	
-5.629551e-01	5.666085e+00	4.402013e+00	-7.350886e-02	1.285258e-01	9.791762e-02	7.752709e-02	-6.795799e+00	8.723318e-01	8.898884e-01	

b1
10	1
7.535529e-01	-1.062257e+00	-1.001875e+00	2.217901e+00	2.673569e-01	-1.972724e+00	-2.181015e+00	1.087480e+00	-2.092150e-01	3.099764e-02	

LW
1	10
1.184520e+00	
4.054320e+00	
-2.212130e+00	
-6.209307e-01	
-4.769097e-01	
-5.904115e-01	
-1.278706e-01	
2.027042e+00	
1.809858e+00	
-8.949327e-01	

b2
1	1
-1.402979e-01	

output_ymax
1	1
1.000000e+00	

output_ymin
1	1
-1.000000e+00	

output_xmax
1	1
1.904114e-03	

output_xmin
1	1
-8.672249e-02	

