-0.6177E-01
-0.7140E-01
-0.7284E-01
-0.3795E-01
-0.1200E-01
 0.4520E-03
-0.1135E-01
-0.6265E-02
-0.1254E-02
 0.6732E-02
-0.2471E-02
-0.7168E-01
-0.3533E-01
-0.2741E-01
-0.2141E-01
-0.8039E-02
 0.1184E-01
 0.5992E-02
 0.3870E-02
-0.1836E-01
-0.3667E-01
-0.4496E-01
-0.4749E-02
-0.2716E-02
-0.2595E-02
-0.7174E-02
-0.3532E-02
-0.7864E-02
-0.5305E-01
-0.5421E-01
 0.1431E-01
-0.6848E-02
-0.5666E-01
-0.3570E-01
-0.4061E-01
 0.1743E-01
 0.3864E-01
-0.1025E-01
-0.7034E-03
-0.1076E-01
-0.1428E-01
-0.1027E-01
 0.1610E-01
-0.2042E-02
 0.1788E-02
 0.5887E-02
 0.5494E-02
-0.3188E-01
-0.2640E-01
-0.3172E-01
-0.5016E-01
-0.2436E-01
-0.1824E-01
-0.8116E-02
-0.1337E-01
-0.2190E-01
-0.1936E-01
-0.3935E-01
-0.5566E-01
 0.2074E-02
 0.3913E-02
 0.3537E-03
-0.3997E-02
-0.1793E-01
-0.8721E-02
 0.2593E-01
-0.3595E-01
-0.1439E-01
-0.1343E-01
-0.1869E-01
-0.1041E-01
-0.2071E-01
-0.3726E-01
-0.5168E-01
 0.9055E-02
-0.2921E-02
-0.9039E-02
-0.2265E-02
-0.1360E-01
-0.3139E-01
-0.2257E-01
-0.1392E-01
-0.2875E-01
-0.1817E-01
-0.2859E-01
-0.1278E-01
 0.1492E-01
-0.5891E-01
 0.2637E-03
-0.5295E-02
-0.8842E-02
-0.1477E-01
-0.1730E-01
-0.3098E-01
-0.3739E-01
-0.1238E-01
-0.1111E-01
-0.8182E-02
 0.1660E-02
-0.2303E-01
-0.2956E-01
-0.2087E-01
-0.7892E-02
-0.2071E-01
-0.1713E-01
-0.2766E-01
-0.9413E-02
 0.3315E-01
-0.1586E-01
-0.3405E-01
-0.5635E-01
-0.5971E-01
-0.1942E-01
-0.1937E-02
-0.2063E-01
-0.2407E-01
 0.4810E-02
-0.3709E-02
-0.2496E-01
-0.8096E-02
-0.8370E-02
-0.2098E-01
-0.1528E-01
 0.1118E-02
 0.8713E-02
 0.2729E-02
-0.2466E-01
-0.1886E-01
 0.7764E-01
 0.6222E-01
 0.6906E-01
 0.7475E-01
 0.6647E-01
 0.1435E-01
 0.2526E-01
 0.4218E-02
 0.1469E-01
-0.2123E-01
-0.5150E-02
-0.6734E-02
-0.1231E-01
-0.3338E-01
-0.2211E-01
 0.1418E-02
-0.1638E-01
-0.1998E-01
-0.3807E-01
-0.5492E-01
-0.3934E-01
-0.5678E-02
-0.1869E-01
-0.2101E-01
-0.3023E-01
-0.5930E-02
 0.5056E-03
-0.3174E-01
-0.1129E-01
-0.4320E-02
 0.3047E-01
-0.1190E-01
-0.5577E-01
-0.3735E-01
-0.2482E-01
-0.1014E-01
-0.2663E-01
 0.8036E-02
-0.2203E-02
-0.1646E-01
-0.1094E-01
-0.1665E-02
-0.3907E-01
-0.2318E-01
-0.8224E-02
-0.2055E-01
-0.6336E-02
-0.3028E-01
-0.2564E-01
-0.1803E-01
 0.2462E-01
-0.1206E-01
-0.2696E-02
-0.4024E-02
-0.1607E-01
-0.9565E-02
-0.1212E-01
-0.1280E-01
-0.7752E-02
-0.2746E-01
-0.1534E-01
-0.1523E-02
-0.2515E-01
-0.2119E-01
-0.2054E-01
-0.4283E-01
-0.2728E-01
-0.1344E-01
-0.8520E-01
-0.1470E-01
-0.8545E-01
-0.5512E-02
-0.5607E-02
-0.1539E-01
-0.3165E-01
-0.4953E-01
-0.5566E-01
-0.1447E-01
-0.6367E-01
-0.5028E-01
-0.3248E-01
-0.1475E-01
-0.3965E-03
 0.6120E-02
 0.2919E-01
 0.1563E-01
 0.1166E-01
 0.2441E-01
-0.8299E-02
-0.5949E-01
-0.1943E-01
 0.1582E-01
 0.1544E-02
-0.1438E-01
 0.1421E-01
 0.2415E-01
 0.8976E-02
-0.4295E-01
-0.5249E-01
-0.1750E-01
 0.1416E-01
 0.1085E-01
-0.3882E-01
-0.4075E-01
-0.7817E-01
-0.6328E-01
-0.6297E-01
-0.8914E-02
-0.6054E-01
 0.2531E-02
-0.6442E-01
-0.6521E-01
-0.2805E-01
-0.6765E-01
-0.1011E+00
-0.1072E+00
-0.3964E-01
 0.1976E-01
-0.9992E-02
-0.7311E-01
-0.6797E-01
-0.8403E-01
 0.4110E-01
-0.1277E+00
-0.9199E-01
-0.6635E-01
-0.4589E-01
 0.3959E-01
-0.2268E-01
-0.8134E-01
-0.1358E+00
-0.4535E-01
-0.2415E-01
-0.5683E-01
 0.2352E-01
-0.1168E+00
-0.7193E-01
-0.4762E-02
-0.2877E-01
 0.5330E-01
-0.4003E-01
-0.5990E-01
-0.5935E-01
-0.1354E-01
-0.2238E-02
-0.5275E-01
-0.1585E+00
-0.1633E+00
-0.5931E-01
-0.4768E-01
-0.4422E-01
-0.3311E-01
-0.3977E-01
-0.6839E-01
-0.1066E+00
-0.1066E+00
-0.7618E-01
-0.7979E-02
-0.2312E-01
-0.3499E-01
 0.4883E-02
-0.6545E-01
-0.8809E-01
-0.1818E+00
-0.7732E-01
 0.1502E-02
-0.4904E-01
-0.6727E-01
-0.4890E-01
 0.5648E-01
-0.1611E+00
-0.1367E+00
-0.3626E-01
-0.3970E-01
-0.5720E-01
-0.5618E-01
-0.5049E-01
-0.1647E+00
-0.1526E+00
-0.3776E-01
-0.4555E-01
-0.5461E-01
-0.6085E-01
-0.3953E-01
-0.1424E+00
-0.1825E+00
-0.8651E-01
 0.1456E-01
 0.1466E-01
 0.9462E-02
 0.1509E-01
 0.3577E-01
-0.1140E+00
-0.6642E-01
-0.1863E-01
-0.2921E-01
 0.8605E-02
-0.6001E-01
 0.9727E-02
 0.9583E-01
 0.1075E+00
 0.1124E-01
-0.1782E-01
 0.4054E-01
 0.5591E-01
 0.1214E-01
 0.4218E-03
-0.3989E-02
-0.1655E-01
 0.2276E-02
 0.1815E-01
 0.1288E-01
-0.1823E-01
 0.8856E-01
 0.6156E-01
 0.7415E-01
 0.3809E-01
 0.2577E-01
 0.1800E-01
 0.2387E-01
 0.8765E-01
 0.8014E-01
 0.4112E-01
 0.4845E-01
-0.4160E-02
-0.5194E-02
-0.4497E-02
 0.4115E-02
 0.2551E-02
-0.5431E-02
-0.4070E-02
-0.5944E-02
-0.7720E-02
-0.9526E-02
-0.9116E-02
-0.9663E-02
-0.7778E-02
-0.5290E-02
-0.8962E-02
-0.9145E-02
 0.1490E-01
-0.1156E-01
-0.9254E-02
-0.9283E-02
-0.9435E-02
-0.8452E-02
-0.7970E-02
-0.8007E-02
-0.1423E-02
-0.5944E-02
-0.5511E-02
-0.3913E-02
-0.5377E-02
-0.2141E-02
-0.5405E-02
-0.8312E-02
-0.5958E-02
-0.7674E-02
-0.1705E-01
-0.6246E-02
 0.1669E-02
-0.1988E-02
-0.6259E-02
-0.4739E-02
-0.2229E-02
-0.2412E-03
-0.5761E-03
-0.2007E-02
-0.2771E-03
-0.6909E-01
-0.1887E-01
-0.7198E-02
-0.7847E-02
-0.9741E-02
-0.6586E-02
-0.4634E-02
-0.4914E-02
-0.7231E-02
-0.7849E-02
-0.7836E-02
-0.8714E-02
-0.4842E-01
 0.2513E-02
-0.3921E-01
-0.5224E-02
-0.1910E-01
-0.2746E-01
-0.5498E-01
-0.7864E-01
-0.1753E-03
-0.2957E-01
-0.9999E-02
-0.9566E-02
-0.5469E-02
-0.4418E-02
-0.7429E-02
-0.7591E-02
-0.3163E-01
-0.3635E-01
 0.1455E+00
 0.6369E-02
 0.2603E-01
-0.1435E-01
 0.4302E-01
-0.8251E-01
-0.1535E+00
 0.6837E-02
 0.1135E-01
 0.5568E-02
-0.3088E-01
-0.4875E-01
-0.6282E-01
-0.2370E-01
-0.4150E-02
 0.7425E-02
-0.5425E-03
-0.2592E-02
-0.3434E-02
 0.1899E-02
 0.1769E-03
-0.1577E-02
 0.4246E-01
 0.1530E-01
-0.2306E-01
-0.9773E-02
-0.4310E-01
 0.1498E+00
 0.1187E+00
 0.2479E-01
 0.3527E-01
 0.7490E-02
 0.1613E+00
 0.1320E+00
 0.2812E-01
 0.7263E-03
 0.3008E-01
 0.8063E-02
 0.1275E-01
-0.2709E-01
-0.1222E-01
-0.2217E-01
-0.5671E-01
-0.5759E-01
-0.1720E-01
-0.1601E-01
 0.2855E-01
-0.7151E-01
-0.4033E-01
-0.3135E-01
-0.3138E-02
-0.1838E-01
-0.6253E-01
-0.3475E-01
 0.5798E-03
-0.2365E-02
 0.2403E-01
-0.2313E-01
 0.1970E-01
 0.4675E-03
 0.4989E-02
-0.5855E-01
-0.4660E-01
-0.1514E-01
 0.1549E-02
 0.1599E-01
 0.3068E-02
-0.4281E-02
-0.1410E-01
-0.4252E-01
-0.4489E-01
-0.3906E-01
-0.8949E-02
-0.3472E-02
 0.2268E-01
-0.2100E-02
-0.5515E-02
-0.5678E-02
 0.1335E-02
 0.3093E-02
-0.1599E-01
-0.1115E-01
-0.5386E-01
-0.3794E-01
-0.4738E-02
-0.1498E-01
-0.5454E-01
-0.4640E-01
-0.6556E-02
-0.4790E-01
-0.1498E+00
 0.3165E-01
-0.1349E-01
-0.1737E-01
-0.3770E-01
-0.2579E-01
-0.9984E-02
 0.4812E-02
 0.3705E-02
-0.1540E-01
-0.1928E-01
-0.2960E-02
-0.1951E-01
-0.1529E-01
-0.2423E-01
-0.1907E-01
-0.1317E-01
-0.2253E-01
-0.2565E-01
-0.8096E-02
-0.6629E-02
-0.1172E-01
-0.8313E-02
-0.1140E-01
-0.8749E-02
-0.8767E-02
-0.6587E-02
-0.7538E-02
-0.9103E-02
-0.9799E-02
-0.1248E-01
-0.1321E-01
-0.1419E-01
-0.2541E-01
-0.1663E-01
-0.1855E-01
-0.1960E-01
-0.2479E-01
-0.2506E-01
-0.2431E-01
-0.2155E-01
-0.1843E-01
-0.2418E-01
